100 , 80 , 0
785.04486 , 552.3368 , 0
783.8394 , 552.00244 , 0
782.8917 , 551.41235 , 0
782.2397 , 550.69104 , 0
775.85675 , 549.41254 , 0
776.8197 , 553.8574 , 0
768.6 , 553.37 , 0
761.9308 , 553.6658 , 0
755.7205 , 554.45905 , 0
750.8921 , 555.4325 , 0
746.40485 , 555.9488 , 0
742.3115 , 556.30194 , 0
738.0851 , 556.8694 , 0
734.8076 , 557.1757 , 0
731.1107 , 557.58325 , 0
729.157 , 558.02264 , 0
728.0793 , 558.4781 , 0
727.56995 , 559.1755 , 0
729.34674 , 558.8375 , 0
728.96075 , 558.3392 , 0
728.9464 , 558.22626 , 0
729.2277 , 558.34125 , 0
728.73663 , 558.5606 , 0
728.9194 , 559.08966 , 0
728.4696 , 559.81744 , 0
727.65936 , 560.55347 , 0
725.6449 , 562.2528 , 0
717.4722 , 564.9401 , 0
710.52936 , 568.6121 , 0
704.22705 , 570.4893 , 0
698.81995 , 571.14087 , 0
694.2413 , 572.11835 , 0
690.38336 , 573.0311 , 0
687.2211 , 573.51385 , 0
684.9194 , 573.9016 , 0
683.8557 , 574.08746 , 0
683.673 , 574.11285 , 0
684.522 , 574.3152 , 0
685.04584 , 574.2436 , 0
684.9014 , 574.8443 , 0
684.3517 , 574.9603 , 0
684.0208 , 575.06506 , 0
683.95 , 575.0182 , 0
684.8735 , 575.2082 , 0
687.3785 , 576.1196 , 0
688.3478 , 576.7534 , 0
688.57947 , 576.6373 , 0
689.1869 , 575.3493 , 0
689.29266 , 573.15857 , 0
691.08 , 571.60443 , 0
694.5324 , 571.2182 , 0
695.65094 , 570.4726 , 0
696.9022 , 569.0099 , 0
698.5874 , 568.27106 , 0
699.7522 , 568.01324 , 0
703.09625 , 567.68756 , 0
711.50183 , 568.3918 , 0
720.20013 , 569.35345 , 0
712.458 , 582.8868 , 0
712.52344 , 584.9948 , 0
714.62964 , 585.72345 , 0
719.4092 , 585.4512 , 0
724.5387 , 584.85376 , 0
730.9043 , 584.3129 , 0
735.5696 , 583.1949 , 0
741.68365 , 581.8015 , 0
748.7698 , 580.90765 , 0
761.17944 , 579.89905 , 0
766.9574 , 580.36334 , 0
775.064 , 580.7859 , 0
781.7228 , 581.28015 , 0
788.0761 , 582.5664 , 0
794.8872 , 584.0279 , 0
801.69556 , 584.69293 , 0
808.18384 , 585.8081 , 0
815.0171 , 586.93195 , 0
821.8058 , 587.8278 , 0
828.18536 , 588.7656 , 0
833.6017 , 589.7749 , 0
839.2831 , 590.8619 , 0
845.5424 , 591.65936 , 0
851.3964 , 593.0455 , 0
854.4135 , 594.37537 , 0
860.9046 , 595.4704 , 0
862.91473 , 596.2531 , 0
866.0871 , 596.181 , 0
871.7313 , 596.3361 , 0
880.72815 , 596.8568 , 0
885.76794 , 596.9966 , 0
905.33856 , 597.686 , 0
867.368 , 589.1468 , 0
884.7278 , 588.0772 , 0
890.0161 , 588.6219 , 0
905.26776 , 589.4291 , 0
922.9424 , 585.7187 , 0
936.1629 , 586.3308 , 0
949.11523 , 584.7011 , 0
956.7185 , 584.0627 , 0
965.9349 , 584.8163 , 0
970.57886 , 581.8876 , 0
978.292 , 581.07764 , 0
987.86536 , 583.2239 , 0
993.8652 , 581.68787 , 0
996.84534 , 579.08636 , 0
1003.5501 , 581.96234 , 0
1011.0894 , 582.47955 , 0
1017.3229 , 578.519 , 0
1037.8254 , 578.2254 , 0
1043.2369 , 576.3816 , 0
1045.5801 , 575.81433 , 0
1049.1027 , 577.29553 , 0
1050.5132 , 576.6558 , 0
1051.3811 , 576.61914 , 0
1051.4901 , 577.539 , 0
1052.3373 , 577.58704 , 0
1052.865 , 578.353 , 0
1051.8484 , 578.5982 , 0
1049.538 , 578.8122 , 0
1051.4082 , 578.3425 , 0
1056.3577 , 579.7631 , 0
1060.5903 , 581.9926 , 0
1070.0883 , 583.80225 , 0
1074.0613 , 585.3706 , 0
1082.3323 , 587.7834 , 0
1085.1736 , 590.13556 , 0
1088.8213 , 591.542 , 0
1093.0455 , 593.10205 , 0
1095.2916 , 593.5275 , 0
1097.3544 , 593.8204 , 0
1102.0006 , 593.16254 , 0
1104.8246 , 594.41895 , 0
1108.5902 , 587.9157 , 0
1120.2782 , 584.8362 , 0
1125.9702 , 581.23236 , 0
1125.3832 , 579.8652 , 0
1125.5094 , 576.7493 , 0
1124.3595 , 576.3361 , 0
1124.3824 , 577.21796 , 0
1126.049 , 578.16113 , 0
1127.5116 , 579.16626 , 0
1126.1969 , 580.9951 , 0
1125.7064 , 583.20856 , 0
1126.6698 , 583.27594 , 0
1126.8286 , 584.6669 , 0
1126.682 , 587.1577 , 0
1144.4047 , 582.7989 , 0
1151.2046 , 580.6131 , 0
1163.0676 , 578.0095 , 0
1171.1875 , 577.45795 , 0
1180.2083 , 581.01135 , 0
1181.8766 , 581.9283 , 0
1201.746 , 574.98566 , 0
1201.3843 , 565.3324 , 0
1199.6398 , 563.4639 , 0
1198.1268 , 561.4717 , 0
1197.8726 , 561.1235 , 0
1198.3885 , 560.31055 , 0
1197.8413 , 563.1216 , 0
1196.5494 , 563.26324 , 0
1193.904 , 561.90485 , 0
1191.105 , 560.96484 , 0
1189.8468 , 560.19586 , 0
1188.4482 , 558.1833 , 0
1184.2314 , 556.8399 , 0
1179.2847 , 556.46155 , 0
1176.8016 , 555.20984 , 0
1171.005 , 555.26215 , 0
1175.4382 , 556.11975 , 0
1183.7698 , 553.99945 , 0
1186.7474 , 553.2427 , 0
1183.2219 , 548.437 , 0
1166.7285 , 546.8063 , 0
1154.7484 , 548.14813 , 0
1135.333 , 550.7328 , 0
1119.6056 , 552.4703 , 0
1107.9556 , 553.4606 , 0
1097.9916 , 554.4082 , 0
1089.2197 , 555.62555 , 0
1080.7229 , 556.20825 , 0
1073.1562 , 556.8467 , 0
1073.3966 , 557.5856 , 0
1075.2217 , 560.6437 , 0
1074.5177 , 564.00867 , 0
1071.205 , 567.81464 , 0
1053.8864 , 565.2283 , 0
1034.0109 , 560.1539 , 0
1015.69403 , 555.61884 , 0
996.75653 , 547.0455 , 0
977.40247 , 539.3925 , 0
961.5759 , 533.1076 , 0
947.4962 , 527.72375 , 0
935.2402 , 522.95447 , 0
924.7287 , 518.9216 , 0
914.6741 , 515.0399 , 0
905.02203 , 511.82303 , 0
884.0024 , 507.27502 , 0
860.91077 , 499.40338 , 0
840.2724 , 490.04535 , 0
819.4184 , 482.14288 , 0
800.85706 , 474.94434 , 0
786.259 , 469.20828 , 0
774.65045 , 464.6848 , 0
774.73395 , 459.3713 , 0
772.8514 , 452.8156 , 0
775.82825 , 455.1845 , 0
784.39197 , 473.21765 , 0
785.0879 , 475.75024 , 0
783.8707 , 476.8103 , 0
784.6478 , 477.92798 , 0
775.62494 , 479.6483 , 0
789.5578 , 473.56317 , 0
806.44324 , 483.31247 , 0
827.34106 , 492.74075 , 0
858.1392 , 500.6077 , 0
900.83154 , 521.7903 , 0
928.7465 , 532.22455 , 0
951.20215 , 537.63635 , 0
957.1098 , 540.6025 , 0
962.8184 , 541.6778 , 0
981.99756 , 541.7118 , 0
873.88086 , 483.17847 , 0
875.6036 , 484.1517 , 0
874.03265 , 484.78433 , 0
874.89215 , 485.4739 , 0
874.97327 , 484.8856 , 0
871.3 , 484.38312 , 0
872.0229 , 483.95602 , 0
870.4363 , 485.13742 , 0
870.8356 , 485.62317 , 0
870.888 , 485.5822 , 0
869.7271 , 485.36816 , 0
870.61743 , 485.1437 , 0
868.192 , 483.76666 , 0
873.8225 , 483.9717 , 0
871.03687 , 485.80295 , 0
870.77057 , 484.82593 , 0
831.93896 , 470.2086 , 0
821.1716 , 473.0849 , 0
819.7685 , 470.77826 , 0
817.83167 , 471.97522 , 0
819.3899 , 468.96695 , 0
821.6062 , 472.88293 , 0
813.1427 , 466.5656 , 0
816.211 , 464.63223 , 0
811.6636 , 456.6914 , 0
811.53265 , 452.3331 , 0
808.4874 , 446.4258 , 0
801.4093 , 444.14673 , 0
786.51776 , 442.59573 , 0
773.29755 , 433.77954 , 0
765.6086 , 428.5537 , 0
746.3182 , 415.938 , 0
748.7416 , 414.29175 , 0
730.2375 , 411.64587 , 0
739.7036 , 411.5171 , 0
738.281 , 397.94315 , 0
740.12274 , 400.23828 , 0
736.85803 , 401.034 , 0
737.3906 , 400.86563 , 0
738.08636 , 400.9935 , 0
738.07263 , 400.48557 , 0
737.88855 , 401.1723 , 0
738.2655 , 401.24887 , 0
738.16785 , 400.97665 , 0
738.0312 , 400.8362 , 0
737.47345 , 401.29102 , 0
739.02136 , 401.14725 , 0
739.97394 , 401.1066 , 0
738.5071 , 401.60843 , 0
739.68884 , 401.0036 , 0
739.0801 , 401.04507 , 0
739.64856 , 400.9567 , 0
739.3651 , 400.66193 , 0
739.058 , 401.32443 , 0
738.9333 , 401.22174 , 0
739.18536 , 400.97592 , 0
739.52155 , 401.39746 , 0
740.0475 , 400.8274 , 0
737.9768 , 401.80048 , 0
739.70935 , 401.18903 , 0
739.62115 , 401.1394 , 0
739.81036 , 400.92322 , 0
739.74115 , 401.42725 , 0
740.02515 , 400.89075 , 0
739.8268 , 400.9875 , 0
739.79913 , 401.2177 , 0
